16 25
555 555 555 555 555 555 555 555 555 200 555 200 555 555 555 410 410 410 411 412 412 412 555 555 555
187 188 189 555 555 555 555 555 200 200 200 200 200 200 555 555 409 555 555 555 413 555 555 555 555
177 555 190 555 555 555 198 199 200 200 200 200 200 200 555 400 555 555 555 555 414 555 555 400 555
157 555 191 555 555 555 197 555 555 555 555 555 392 555 555 555 555 555 555 416 415 414 413 555 555
107 555 192 555 555 555 196 555 390 390 390 390 555 395 555 555 555 555 555 417 555 555 412 555 555
-57 555 193 194 195 195 555 555 390 555 555 555 555 396 397 555 555 418 555 418 555 555 555 400 555
-99 555 555 194 195 555 555 555 389 555 555 555 555 555 398 399 555 419 555 419 555 400 555 555 555
-99 -98 555 194 195 555 555 555 555 388 387 555 555 555 555 399 555 420 555 420 555 410 555 555 555
-98 -99 555 194 195 555 555 555 555 555 386 555 555 555 555 555 400 555 430 555 420 555 555 555 555
-98 -99 555 194 193 555 555 555 555 555 555 385 555 555 555 431 555 555 555 435 555 555 555 441 440
-98 -99 555 555 192 555 555 555 555 555 384 555 555 555 555 432 433 434 435 436 555 555 555 443 555
-99 555 555 555 190 555 555 555 555 555 383 555 555 300 555 555 555 555 555 437 555 441 442 443 555
555 555 555 555 100 555 555 555 555 382 555 555 555 377 555 555 555 555 438 555 440 441 555 443 555
555 555 555 100 100 100 100 555 555 555 381 380 379 378 555 555 555 555 440 440 440 555 555 443 555
555 555 555 100 100 100 100 555 555 555 555 555 555 555 555 555 555 555 438 555 555 555 555 444 555
555 555 555 555 100 100 555 555 555 555 555 555 555 555 434 435 436 437 438 428 418 408 555 555 555
